	14 51 10 31 24 27  8 29
	11 32 13 52  9 30 23 26
	50 15 56 59 44 25 28  7
	33 12 53 62 55 58 43 22
	16 49 60 57 64 45  6 39
	 1 34 63 54 61 40 21 42
	48 17 36  3 46 19 38  5
	35  2 47 18 37  4 41 20
solved in 0m 0.012s
	32 17 48  9 34 19 38  7
	47 10 33 18 49  8 35 20
	16 31 62 51 58 37  6 39
	11 46 57 54 61 50 21 36
	30 15 52 63 56 59 40  5
	45 12 55 60 53 64 25 22
	14 29  2 43 24 27  4 41
	 1 44 13 28  3 42 23 26
solved in 0m 0.108s
	19 48 17 12 21 50 41 10
	16 13 20 49 42 11 22 51
	47 18 15 34 61 64  9 40
	14 33 62 45 58 43 52 23
	29 46 35 60 63 56 39  8
	32  3 30 57 44 59 24 53
	 1 28  5 36 55 26  7 38
	 4 31  2 27  6 37 54 25
solved in 0m 0.342s
	35 32 13 28 51 38 11 26
	14 29 34 37 12 27 50 39
	33 36 31 58 49 52 25 10
	30 15 48 55 64 61 40 53
	 1 46 59 62 57 54  9 24
	16 19 56 47 60 63  6 41
	45  2 21 18 43  4 23  8
	20 17 44  3 22  7 42  5
solved in 0m 0.011s
	35  2 47 18 37  4 41 20
	48 17 36  3 46 19 38  5
	 1 34 63 54 61 40 21 42
	16 49 60 57 64 45  6 39
	33 12 53 62 55 58 43 22
	50 15 56 59 44 25 28  7
	11 32 13 52  9 30 23 26
	14 51 10 31 24 27  8 29
solved in 0m 0.011s
	20 17 44  3 22  7 42  5
	45  2 21 18 43  4 23  8
	16 19 56 47 60 63  6 41
	 1 46 59 62 57 54  9 24
	30 15 48 55 64 61 40 53
	33 36 31 58 49 52 25 10
	14 29 34 37 12 27 50 39
	35 32 13 28 51 38 11 26
solved in 0m 0.011s
	 1 44 13 28  3 42 23 26
	14 29  2 43 24 27  4 41
	45 12 55 60 53 64 25 22
	30 15 52 63 56 59 40  5
	11 46 57 54 61 50 21 36
	16 31 62 51 58 37  6 39
	47 10 33 18 49  8 35 20
	32 17 48  9 34 19 38  7
solved in 0m 0.011s
	25 10 49 46 27 12 31 34
	48 45 26 11 50 33 28 13
	 9 24 47 52 63 30 35 32
	44 53 56 61 58 51 14 29
	23  8 43 64 55 62 59 36
	 2  5 54 57 60 39 18 15
	 7 22  3 42 17 20 37 40
	 4  1  6 21 38 41 16 19
solved in 0m 0.013s
	 4 31  2 27  6 37 54 25
	 1 28  5 36 55 26  7 38
	32  3 30 57 44 59 24 53
	29 46 35 60 63 56 39  8
	14 33 62 45 58 43 52 23
	47 18 15 34 61 64  9 40
	16 13 20 49 42 11 22 51
	19 48 17 12 21 50 41 10
solved in 0m 0.904s
	34 31 12 27 50 45 10 25
	13 28 33 46 11 26 49 44
	32 35 30 63 48 51 24  9
	29 14 47 56 61 58 43 52
	36 55 62 59 64 53  8 23
	15 18 37 54 57 60  5 42
	38  1 20 17 40  3 22  7
	19 16 39  2 21  6 41  4
solved in 0m 0.013s
	17 38 15 10 19 36 47  8
	14 11 18 37 46  9 20 35
	39 16 13 62 43 64  7 48
	12 55 42 45 58 61 34 21
	27 40 59 56 63 44 49  6
	54  1 28 41 60 57 22 33
	29 26  3 52 31 24  5 50
	 2 53 30 25  4 51 32 23
solved in 0m 0.962s
	20 51 18 13 22 49 42 11
	17 14 21 50 43 12 23 48
	52 19 16 35 54 47 10 41
	15 34 53 46 57 44 63 24
	30  1 36 59 64 55 40  9
	33  4 31 56 45 58 25 62
	 2 29  6 37 60 27  8 39
	 5 32  3 28  7 38 61 26
solved in 0m 0.598s
	 2 53 30 25  4 51 32 23
	29 26  3 52 31 24  5 50
	54  1 28 41 60 57 22 33
	27 40 59 56 63 44 49  6
	12 55 42 45 58 61 34 21
	39 16 13 62 43 64  7 48
	14 11 18 37 46  9 20 35
	17 38 15 10 19 36 47  8
solved in 0m 0.250s
	 5 32  3 28  7 38 61 26
	 2 29  6 37 60 27  8 39
	33  4 31 56 45 58 25 62
	30  1 36 59 64 55 40  9
	15 34 53 46 57 44 63 24
	52 19 16 35 54 47 10 41
	17 14 21 50 43 12 23 48
	20 51 18 13 22 49 42 11
solved in 0m 0.188s
	19 16 39  2 21  6 41  4
	38  1 20 17 40  3 22  7
	15 18 37 54 57 60  5 42
	36 55 62 59 64 53  8 23
	29 14 47 56 61 58 43 52
	32 35 30 63 48 51 24  9
	13 28 33 46 11 26 49 44
	34 31 12 27 50 45 10 25
solved in 0m 0.621s
	20  5 42 39 22  7 26 29
	41 38 21  6 43 28 23  8
	 4 19 40 45 58 25 30 27
	37 46 61 64 55 44  9 24
	18  3 54 57 62 59 52 31
	47 36 63 60 53 56 13 10
	 2 17 34 49 12 15 32 51
	35 48  1 16 33 50 11 14
solved in 0m 0.011s
	23  8 45 50 25 10 29 32
	44 49 24  9 46 31 26 11
	 7 22 51 48 63 28 33 30
	52 43 58 61 56 47 12 27
	21  6 53 64 59 62 55 34
	42  3 60 57 54 37 16 13
	 5 20  1 40 15 18 35 38
	 2 41  4 19 36 39 14 17
solved in 0m 0.012s
	15 52 11 32 25 28  9 30
	12 33 14 53 10 31 24 27
	51 16 57 60 45 26 29  8
	34 13 54 63 56 59 44 23
	17 50  1 58 61 46  7 40
	 2 35 62 55 64 41 22 43
	49 18 37  4 47 20 39  6
	36  3 48 19 38  5 42 21
solved in 0m 0.011s
	 4  1  6 21 38 41 16 19
	 7 22  3 42 17 20 37 40
	 2  5 54 57 60 39 18 15
	23  8 43 64 55 62 59 36
	44 53 56 61 58 51 14 29
	 9 24 47 52 63 30 35 32
	48 45 26 11 50 33 28 13
	25 10 49 46 27 12 31 34
solved in 0m 0.073s
	 2 41  4 19 36 39 14 17
	 5 20  1 40 15 18 35 38
	42  3 60 57 54 37 16 13
	21  6 53 64 59 62 55 34
	52 43 58 61 56 47 12 27
	 7 22 51 48 63 28 33 30
	44 49 24  9 46 31 26 11
	23  8 45 50 25 10 29 32
solved in 0m 1.317s
	 5 20 39 36  7 22 41 26
	38 35  6 21 40 25  8 23
	19  4 37 50 59 62 27 42
	34 49 58 61 56 53 24  9
	 3 18 51 54 63 60 43 28
	48 33 64 57 52 55 10 13
	17  2 31 46 15 12 29 44
	32 47 16  1 30 45 14 11
solved in 0m 0.011s
	35 48  1 16 33 50 11 14
	 2 17 34 49 12 15 32 51
	47 36 63 60 53 56 13 10
	18  3 54 57 62 59 52 31
	37 46 61 64 55 44  9 24
	 4 19 40 45 58 25 30 27
	41 38 21  6 43 28 23  8
	20  5 42 39 22  7 26 29
solved in 0m 0.011s
	36  3 48 19 38  5 42 21
	49 18 37  4 47 20 39  6
	 2 35 62 55 64 41 22 43
	17 50  1 58 61 46  7 40
	34 13 54 63 56 59 44 23
	51 16 57 60 45 26 29  8
	12 33 14 53 10 31 24 27
	15 52 11 32 25 28  9 30
solved in 0m 0.011s
	21  6 43 40 23  8 27 30
	42 39 22  7 44 29 24  9
	 5 20 41 46 59 26 31 28
	38 47 64 61 56 45 10 25
	19  4 55 58 63 60 53 32
	48 37 62  1 54 57 14 11
	 3 18 35 50 13 16 33 52
	36 49  2 17 34 51 12 15
solved in 0m 0.011s
	36 49  2 17 34 51 12 15
	 3 18 35 50 13 16 33 52
	48 37 62  1 54 57 14 11
	19  4 55 58 63 60 53 32
	38 47 64 61 56 45 10 25
	 5 20 41 46 59 26 31 28
	42 39 22  7 44 29 24  9
	21  6 43 40 23  8 27 30
solved in 0m 0.503s
	26 11 48 55 28 13 32 35
	47 54 27 12 49 34 29 14
	10 25 46 51 56 31 36 33
	53 58 63 60 45 50 15 30
	24  9 52 57 64 61 44 37
	 3  6 59 62 43 40 19 16
	 8 23  4  1 18 21 38 41
	 5  2  7 22 39 42 17 20
solved in 0m 1.605s
	32 47 16  1 30 45 14 11
	17  2 31 46 15 12 29 44
	48 33 64 57 52 55 10 13
	 3 18 51 54 63 60 43 28
	34 49 58 61 56 53 24  9
	19  4 37 50 59 62 27 42
	38 35  6 21 40 25  8 23
	 5 20 39 36  7 22 41 26
solved in 0m 0.011s
	26 41 22  7 36 39 20  5
	23  8 25 40 21  6 35 38
	42 27 62 59 50 37  4 19
	 9 24 53 56 61 58 49 34
	28 43 60 63 54 51 18  3
	13 10 55 52 57 64 33 48
	44 29 12 15 46 31  2 17
	11 14 45 30  1 16 47 32
solved in 0m 0.533s
	30 27  8 23 40 43  6 21
	 9 24 29 44  7 22 39 42
	28 31 26 59 46 41 20  5
	25 10 45 56 61 64 47 38
	32 53 60 63 58 55  4 19
	11 14 57 54  1 62 37 48
	52 33 16 13 50 35 18  3
	15 12 51 34 17  2 49 36
solved in 0m 0.011s
	 5  2  7 22 39 42 17 20
	 8 23  4  1 18 21 38 41
	 3  6 59 62 43 40 19 16
	24  9 52 57 64 61 44 37
	53 58 63 60 45 50 15 30
	10 25 46 51 56 31 36 33
	47 54 27 12 49 34 29 14
	26 11 48 55 28 13 32 35
solved in 0m 2.088s
	35 32 13 28 55 48 11 26
	14 29 34 49 12 27 54 47
	33 36 31 56 51 46 25 10
	30 15 50 45 60 63 58 53
	37 44 61 64 57 52  9 24
	16 19 40 43 62 59  6  3
	41 38 21 18  1  4 23  8
	20 17 42 39 22  7  2  5
solved in 0m 0.735s
	15 12 51 34 17  2 49 36
	52 33 16 13 50 35 18  3
	11 14 57 54  1 62 37 48
	32 53 60 63 58 55  4 19
	25 10 45 56 61 64 47 38
	28 31 26 59 46 41 20  5
	 9 24 29 44  7 22 39 42
	30 27  8 23 40 43  6 21
solved in 0m 0.011s
	11 14 45 30  1 16 47 32
	44 29 12 15 46 31  2 17
	13 10 55 52 57 64 33 48
	28 43 60 63 54 51 18  3
	 9 24 53 56 61 58 49 34
	42 27 62 59 50 37  4 19
	23  8 25 40 21  6 35 38
	26 41 22  7 36 39 20  5
solved in 0m 0.011s
	20 17 42 39 22  7  2  5
	41 38 21 18  1  4 23  8
	16 19 40 43 62 59  6  3
	37 44 61 64 57 52  9 24
	30 15 50 45 60 63 58 53
	33 36 31 56 51 46 25 10
	14 29 34 49 12 27 54 47
	35 32 13 28 55 48 11 26
solved in 0m 1.491s
	29 26  7 22 39 42  5 20
	 8 23 28 43  6 21 38 41
	27 30 25 58 45 40 19  4
	24  9 44 55 64 61 46 37
	31 52 59 62 57 54  3 18
	10 13 56 53 60 63 36 47
	51 32 15 12 49 34 17  2
	14 11 50 33 16  1 48 35
solved in 0m 0.011s
	32 29 10 25 50 45  8 23
	11 26 31 46  9 24 49 44
	30 33 28 63 48 51 22  7
	27 12 47 56 61 58 43 52
	34 55 62 59 64 53  6 21
	13 16 37 54 57 60  3 42
	38 35 18 15 40  1 20  5
	17 14 39 36 19  4 41  2
solved in 0m 0.371s
	30  9 28 25 32 11 52 15
	27 24 31 10 53 14 33 12
	 8 29 26 45 60 57 16 51
	23 44 59 56 63 54 13 34
	40  7 46 61 58  1 50 17
	43 22 41 64 55 62 35  2
	 6 39 20 47  4 37 18 49
	21 42  5 38 19 48  3 36
solved in 0m 0.011s
	18 39 16 11 20 37 48  9
	15 12 19 38 47 10 21 36
	40 17 14 57 44 51  8 49
	13 56 43 46 63 58 35 22
	28 41 64  1 52 45 50  7
	55  2 29 42 59 62 23 34
	30 27  4 53 32 25  6 61
	 3 54 31 26  5 60 33 24
solved in 0m 7.876s
	 3 54 31 26  5 60 33 24
	30 27  4 53 32 25  6 61
	55  2 29 42 59 62 23 34
	28 41 64  1 52 45 50  7
	13 56 43 46 63 58 35 22
	40 17 14 57 44 51  8 49
	15 12 19 38 47 10 21 36
	18 39 16 11 20 37 48  9
solved in 0m 6.056s
	20 33 18 13 22 35 46 11
	17 14 21 34 45 12 23 36
	32 19 16 55 64 49 10 47
	15 54 31 44 57 62 37 24
	30 43 56 63 50 41 48  9
	53  4  1 42 61 58 25 38
	 2 29  6 51 40 27  8 59
	 5 52  3 28  7 60 39 26
solved in 0m 9.740s
	34 31 12 27 46 49 10 25
	13 28 33 50 11 26 45 48
	32 35 30 63 52 47 24  9
	29 14 51 58 61 56 53 44
	36 59 62 55 64 43  8 23
	15 18 39 60 57 54  5  2
	40 37 20 17 42  3 22  7
	19 16 41 38 21  6  1  4
solved in 0m 0.013s
	21 42  5 38 19 48  3 36
	 6 39 20 47  4 37 18 49
	43 22 41 64 55 62 35  2
	40  7 46 61 58  1 50 17
	23 44 59 56 63 54 13 34
	 8 29 26 45 60 57 16 51
	27 24 31 10 53 14 33 12
	30  9 28 25 32 11 52 15
solved in 0m 0.011s
	17 14 39 36 19  4 41  2
	38 35 18 15 40  1 20  5
	13 16 37 54 57 60  3 42
	34 55 62 59 64 53  6 21
	27 12 47 56 61 58 43 52
	30 33 28 63 48 51 22  7
	11 26 31 46  9 24 49 44
	32 29 10 25 50 45  8 23
solved in 0m 0.803s
	14 11 50 33 16  1 48 35
	51 32 15 12 49 34 17  2
	10 13 56 53 60 63 36 47
	31 52 59 62 57 54  3 18
	24  9 44 55 64 61 46 37
	27 30 25 58 45 40 19  4
	 8 23 28 43  6 21 38 41
	29 26  7 22 39 42  5 20
solved in 0m 1.542s
	 5 52  3 28  7 60 39 26
	 2 29  6 51 40 27  8 59
	53  4  1 42 61 58 25 38
	30 43 56 63 50 41 48  9
	15 54 31 44 57 62 37 24
	32 19 16 55 64 49 10 47
	17 14 21 34 45 12 23 36
	20 33 18 13 22 35 46 11
solved in 0m 9.105s
	25 10 45 50 27 12 31 34
	44 49 26 11 46 33 28 13
	 9 24 51 48 63 30 35 32
	52 43 58 61 56 47 14 29
	23  8 53 64 59 62 55 36
	42  5 60 57 54 37 18 15
	 7 22  3 40 17 20  1 38
	 4 41  6 21  2 39 16 19
solved in 0m 0.012s
	 8 47 36 19 10 15 38 17
	35 20  9 46 37 18 11 14
	48  7 64 43 62 13 16 39
	21 34 61 58 45 42 55 12
	 6 49 44 63 56 59 40 27
	33 22 57 60 41 28  1 54
	50  5 24 31 52  3 26 29
	23 32 51  4 25 30 53  2
solved in 0m 0.020s
	26 61 38  7 28  3 32  5
	39  8 27 60 37  6 29  2
	62 25 58 45 56 31  4 33
	 9 40 55 64 59 36  1 30
	24 63 44 57 46 53 34 15
	41 10 47 54 35 16 19 52
	48 23 12 43 50 21 14 17
	11 42 49 22 13 18 51 20
solved in 0m 0.407s
	23 32 51  4 25 30 53  2
	50  5 24 31 52  3 26 29
	33 22 57 60 41 28  1 54
	 6 49 44 63 56 59 40 27
	21 34 61 58 45 42 55 12
	48  7 64 43 62 13 16 39
	35 20  9 46 37 18 11 14
	 8 47 36 19 10 15 38 17
solved in 0m 0.020s
	 4 41  6 21  2 39 16 19
	 7 22  3 40 17 20  1 38
	42  5 60 57 54 37 18 15
	23  8 53 64 59 62 55 36
	52 43 58 61 56 47 14 29
	 9 24 51 48 63 30 35 32
	44 49 26 11 46 33 28 13
	25 10 45 50 27 12 31 34
solved in 0m 0.012s
	24 33 60  5 26 31 54  3
	61  6 25 32 53  4 27 30
	34 23 62 59 42 29  2 55
	 7 50 45 52  1 64 41 28
	22 35 58 63 46 43 56 13
	49  8 51 44 57 14 17 40
	36 21 10 47 38 19 12 15
	 9 48 37 20 11 16 39 18
solved in 0m 6.324s
	11 42 49 22 13 18 51 20
	48 23 12 43 50 21 14 17
	41 10 47 54 35 16 19 52
	24 63 44 57 46 53 34 15
	 9 40 55 64 59 36  1 30
	62 25 58 45 56 31  4 33
	39  8 27 60 37  6 29  2
	26 61 38  7 28  3 32  5
solved in 0m 0.497s
	 9 48 37 20 11 16 39 18
	36 21 10 47 38 19 12 15
	49  8 51 44 57 14 17 40
	22 35 58 63 46 43 56 13
	 7 50 45 52  1 64 41 28
	34 23 62 59 42 29  2 55
	61  6 25 32 53  4 27 30
	24 33 60  5 26 31 54  3
solved in 0m 6.379s
	19 16 41 38 21  6  1  4
	40 37 20 17 42  3 22  7
	15 18 39 60 57 54  5  2
	36 59 62 55 64 43  8 23
	29 14 51 58 61 56 53 44
	32 35 30 63 52 47 24  9
	13 28 33 50 11 26 45 48
	34 31 12 27 46 49 10 25
solved in 0m 0.013s
	10 41 50 21 12 17 48 19
	51 22 11 42 49 20 13 16
	40  9 64 61 34 15 18 47
	23 52 43 58 45 62 33 14
	 8 39 56 63 60 35 46 29
	53 24 59 44 57 30  3 32
	38  7 26 55 36  5 28  1
	25 54 37  6 27  2 31  4
solved in 0m 0.014s
	29  8 27 24 31 10 51 14
	26 23 30  9 52 13 32 11
	 7 28 25 44 59 56 15 50
	22 43 58 55 62 53 12 33
	39  6 45 64 57 60 49 16
	42 21 40 61 54 63 34  1
	 5 38 19 46  3 36 17 48
	20 41  4 37 18 47  2 35
solved in 0m 0.011s
	 7 38 19 34  9 48 17 32
	20 35  8 49 18 33 10 47
	39  6 37 58 51 62 31 16
	36 21 50 61 54 57 46 11
	 5 40 59 56 63 52 15 30
	22 25 64 53 60 55 12 45
	41  4 27 24 43  2 29 14
	26 23 42  3 28 13 44  1
solved in 0m 0.011s
	26 11 38 51 28 13 32 35
	39 50 27 12 37 34 29 14
	10 25 52 49 58 31 36 33
	53 40 61 64 55 48 15 30
	24  9 54 57 62 59 46  1
	41  6 63 60 47 56 19 16
	 8 23  4 43 18 21  2 45
	 5 42  7 22  3 44 17 20
solved in 0m 0.011s
	 5 42  7 22  3 44 17 20
	 8 23  4 43 18 21  2 45
	41  6 63 60 47 56 19 16
	24  9 54 57 62 59 46  1
	53 40 61 64 55 48 15 30
	10 25 52 49 58 31 36 33
	39 50 27 12 37 34 29 14
	26 11 38 51 28 13 32 35
solved in 0m 0.011s
	20 41  4 37 18 47  2 35
	 5 38 19 46  3 36 17 48
	42 21 40 61 54 63 34  1
	39  6 45 64 57 60 49 16
	22 43 58 55 62 53 12 33
	 7 28 25 44 59 56 15 50
	26 23 30  9 52 13 32 11
	29  8 27 24 31 10 51 14
solved in 0m 0.011s
	26 23 42  3 28 13 44  1
	41  4 27 24 43  2 29 14
	22 25 64 53 60 55 12 45
	 5 40 59 56 63 52 15 30
	36 21 50 61 54 57 46 11
	39  6 37 58 51 62 31 16
	20 35  8 49 18 33 10 47
	 7 38 19 34  9 48 17 32
solved in 0m 0.011s
	25 54 37  6 27  2 31  4
	38  7 26 55 36  5 28  1
	53 24 59 44 57 30  3 32
	 8 39 56 63 60 35 46 29
	23 52 43 58 45 62 33 14
	40  9 64 61 34 15 18 47
	51 22 11 42 49 20 13 16
	10 41 50 21 12 17 48 19
solved in 0m 0.272s
	11 46 35 22 13 18 33 20
	36 23 12 45 34 21 14 17
	47 10 49 64 55 16 19 32
	24 37 62 57 44 31 54 15
	 9 48 41 50 63 56 43 30
	38 25 58 61 42  1  4 53
	59  8 27 40 51  6 29  2
	26 39 60  7 28  3 52  5
solved in 0m 5.459s
	26 39 60  7 28  3 52  5
	59  8 27 40 51  6 29  2
	38 25 58 61 42  1  4 53
	 9 48 41 50 63 56 43 30
	24 37 62 57 44 31 54 15
	47 10 49 64 55 16 19 32
	36 23 12 45 34 21 14 17
	11 46 35 22 13 18 33 20
solved in 0m 4.357s
